65167
65292
65408
65527
65653
65784
65917
66053
66180
66325
66463
66615
66744
66875
67031
67163
67319
67446
67576
67739
67891
68024
68181
68325
69042
69170
69319
69450
69590
69739
69875
70024
70188
70327
70496
70650
70801
70952
71076
71212
71350
71506
71655
71790
71943
72083
72219
72355
72502
72665
72794
72956
73095
73218
73364
73512
73667
73906
74046
74182
74313
74486
74621
74768
74918
75062
75214
75367
75523
75665
75814
75951
76082
76216
76939
77065
77196
77322
77449
77620
77763
77912
78141
78280
78440
78571
78724
78880
79012
79148
79272
79418
79549
79703
79836
79965
80125
80265
80416
80561
80707
80860
81028
81167
81303
81450
81607
81736
81873
82011
82144
82306
82461
82602
82747
82962
83190
83333
83473
83615
83762
83929
84057
84182
84898
85025
85164
85307
85443
85605
85747
85897
86043
86177
86328
86470
86629
86762
86888
87021
87158
87306
87433
87587
87739
87900
88035
88182
88319
88455
88597
